# Created by Octave 4.0.2, Sun Dec 18 00:41:59 2016 IST <root@daVinciNotebook>
# name: all_theta
# type: matrix
# rows: 10
# columns: 401
 -3.171842095323111 0 0 7.890162466254964e-05 -0.0007289860227481167 -0.0007946955587515678 0.001249145745393618 -0.01568614734623963 -0.0006190342174612059 0.0004897498968244061 0.0004659997343226085 7.334854025927772e-05 0.0003458488947620364 0.00153294927472184 0.001371912279402674 0.003927662147273791 0.005158912227385687 0.000435299605081521 -7.35011733816267e-05 -9.613833366486047e-08 0 -1.739798231998432e-08 8.867832771729693e-06 -0.001004155545165796 0.008283548188150454 0.009517617241735157 0.001836002566862086 -0.02108262351343062 8.605857818962462e-05 3.24749853478408e-06 -0.009095793644684344 -0.001182989221183444 -0.003791610550543845 -0.01666511070652416 -0.01000956309728532 -0.03549314735464265 -0.04848167434028301 0.005333099302550794 0.008553018230554805 0.0003109014601250528 0.000161243544596753 1.407542864079104e-07 -0.0002528962634065033 0.000294313879405945 0.02364294460647616 0.05746889106971822 0.08475041155868911 0.08366559872410864 -0.05405872359722995 -0.08141578070438028 -0.02280961800663289 -0.03544097547162169 -0.004879355725258795 -0.0518441829202775 -0.153408681487412 -0.254248794025203 -0.1995938996210201 -0.04379755483370899 0.0453712682330032 0.0005921215783753884 -0.0004039732739615738 7.091742196163989e-07 0.001163037981480066 0.004530048330779121 -0.1469957187427394 -0.5382171519688748 -0.8547518747400942 -1.165223218130007 -0.6869462018818229 -0.7483224378731226 -0.06691407952901589 0.303296557062901 -0.1017570835324646 -0.01001391761945398 -0.4938363633148006 -0.6540583734812457 -0.9732566151735101 -1.294108421688718 -1.242156167362754 -0.03144330231493932 -0.01623390604201599 1.567825309607676e-06 0.005989939171370431 -0.04665987911362113 -0.1292842120670488 -0.3756503964584198 -2.698656667270383 -2.101725926781823 0.002695938327979945 1.264619928271172 1.882190435253257 0.02149681469847703 -0.4581073140789489 0.04085699470074521 -1.015364840143006 -1.00686659667993 1.677792129571609 0.2068867479102688 -1.149034200471064 -0.2229817955966865 -0.03701976618577185 -1.820025582596958e-05 -0.01426994005885134 -0.1120778175632181 1.423789578070334 0.1169067167706049 -0.7617061407128302 -1.381662588835936 -0.7378036712620702 2.124735500509433 1.398258993718041 -1.834620259293481 -1.149794575731286 -0.1834528744807488 -1.542072329654127 -1.519353370941588 3.552949055057118 0.8874004139518236 -2.937961101732681 -0.6419194656706018 -0.04224058177469269 -0.0001445540225517707 0.01271883808373019 -0.7239201641545592 -0.3220713628783446 -0.5316703149611055 -1.362069126336528 -0.6435272954222084 -0.9406049334113832 -0.5394700662275341 -1.087158359697805 -0.9262633799261976 -0.641126154661501 -0.2282710516385249 -0.8778049938331088 -1.714571518386019 -1.72629369128467 -0.04308355510535468 -1.673672964882049 -1.049414244853234 -0.02729807378684759 -0.0007461741642383212 0.04420318840585681 -1.446433861575867 -2.497893918290187 -0.8638325161194089 -1.056736471897809 0.03748009965608173 -0.7292662170553712 0.663222577458751 -2.161257149841359 -2.17736310512467 -1.147483540779862 -2.134344711314603 1.286839549534638 2.095856132025753 -0.7719383945809262 -0.08369540504230094 -0.02154574976624213 -2.313776974806554 -0.003021979670912465 0.01808817252876562 -0.2216714401218799 -1.116450145317745 -0.5673114078602748 -1.767207924897618 -1.299424667651023 0.2032441229835905 0.1408262685396577 -0.3905659573255622 -2.096324244049257 -0.5091027988277871 0.5355918414718044 -0.8274795292993026 -1.771365375416388 0.5100719349442646 -0.1430994832410737 -0.9273385693892272 -1.473928231823535 -2.730768299480344 -0.4099737387122809 0.03729874466981858 -0.4236273296635951 -0.2050801608219754 -0.6734629039138115 -0.8713966684872525 -0.4306851954846482 -0.2614536327965087 0.1647808801438388 0.4440983397696384 0.5099256137874782 1.078670193327384 0.666377215384187 0.8790653404410219 0.6475774866307612 0.1346218671415768 -1.390027907004667 -0.2230564917282155 -0.2850203747136968 -1.995512972053032 -0.1180301585655384 0.02432411211109029 -0.2322390049700088 0.6580218136910271 -1.316764449881396 -2.214428488710056 0.2925044663238886 -0.3792510202890998 0.5698148309287298 2.852677311152469 2.852605716057356 1.949355338487749 2.215614464210502 0.004154667636999711 1.224917387938306 -0.01034817000640075 0.09412217960270798 -0.2650681453767741 -1.514103073165792 -1.538057517397952 0.03977258858294078 0.007242808997246791 -0.1477636029732246 0.4679079302573264 2.001859365588117 0.5789655512897595 -0.5309056276702218 -0.8767188976683037 1.76799175866274 1.294734269469771 0.462232803923103 -0.8822001810362456 0.161818806004813 -1.804692749819883 -1.119687618148614 0.5972450197939041 0.8168702235377491 0.7600902213212958 -2.553736384859015 -1.696193565824439 -0.05640743420903069 0.02042803186415168 -0.1766654665725287 -2.128538578546304 -2.520842334350401 -1.341711566803069 -1.920896229074228 -0.4385757014551797 0.01254298827945782 0.1404598314124345 0.1410778297857573 0.8424904920272123 1.013006781357496 -0.92636967797694 -0.7642235306331929 -1.099803502060154 -1.097775475105242 2.047003677694854 0.6224531134764387 -0.8076384678462418 -0.1074464872073989 0.016472031860329 -0.2231512488752194 -0.861002760700367 1.336207502822383 0.6622648480484139 1.753914442319382 -0.804214648781395 -1.172347870839353 1.126054613719793 -1.317333819851291 -1.24561549716819 -2.313707010047527 -1.221773040224856 1.185396560923521 1.526439066543509 -0.7738483890357768 1.118078372114422 0.3330039897324669 -0.6709177289029129 -0.03353986781709477 0.002386559056447963 -0.01642118219483805 -0.4984136043774732 -0.5413469040823394 -0.1642711361939544 -0.4818812088734735 -1.023771932764538 -0.7448885446569952 -2.180834391932309 -1.962872134922469 -1.038059229164886 -1.798136426595352 -1.252677133092244 1.708557656315057 -0.8011952924148552 -0.2823724369038708 1.954032561072151 -1.057402575426801 -0.5927920370861778 -0.03476588685478282 -0.000143790136549664 0.01500191125522303 -0.1434734162827835 -1.081976409892669 -1.008798695313235 0.8657891664446928 -0.4000455047692006 -1.381230139175977 -1.138927136952846 -0.8566466439439763 -1.189679550491239 -1.531294693641898 -1.438466325774511 -1.276546764757439 -0.6065645412144911 0.4999487099263826 0.1198855355782899 -1.247175568726126 -0.01429666115460481 -0.00724718108698913 -1.233876854469978e-05 -0.01146191227866922 0.07923406138587906 0.6297910575296527 -0.876496037753417 -0.9381093197182132 -1.143068391120174 -0.8974311813150813 -0.4309320731587903 -0.3029907785275145 -0.1838880719844604 -0.316554298715331 -0.8292680750754727 0.2221451397499258 0.7111091341482789 0.1911029234538273 -0.508428318931333 -0.3815498785099555 -0.01401709788863185 -0.005570517910413975 1.005302522497435e-05 -0.005550600516241672 0.03805712691795708 0.3348114963321219 -0.8777894190031104 -1.272031411685134 -0.6808799766796156 -0.01384935542083916 -0.02411170139660195 -0.2538326570148959 -0.04377125458247601 -0.1152241559771185 -0.318301950941268 0.4518501350612963 2.189176891213215 2.414880493440795 0.5580560414032051 -0.1966907765069194 -0.01323125897376061 0.000383231326536653 -3.516361436115032e-07 0.0007383086980436165 0.002354638203240712 -0.09126607393146871 -0.3397552729885397 -0.138380089710065 -0.1611315559953724 0.5725901347841018 0.4306109463920303 -0.1195875798423204 0.2307565710781173 0.02771163895001178 -0.1015233737139102 -0.004963594958112749 0.4705405229138829 1.525542779678942 0.3983942564979578 -0.04066509322808855 0.0007728308911501618 6.298103569292524e-05 0 -4.304567509101853e-05 0.001060810670575961 -0.005603857306739798 0.0065889588387395 -0.006001945546666369 0.005466216547205728 -0.05513913106234822 -0.04880128801504218 0.003691152219540336 0.0409729361649064 0.001728264217459565 0.05425111989372992 0.2910960837285763 -0.01345906331101509 -0.1389962272880854 -0.03466781319123356 